-3.078327686666666896e+00 1.483055504483608722e+01 1.154700538379251462e+00
-2.952673726666667164e+00 1.021022855148865638e+01 1.154700538379251462e+00
-2.827019766666666545e+00 6.853818898722777497e+00 1.154700538379251684e+00
-2.701365806666666813e+00 4.732099430277372676e+00 1.154700538379251684e+00
-2.575711846666667082e+00 3.569174919386771894e+00 1.154700538379251462e+00
-2.450057886666666462e+00 3.132876133442767497e+00 1.154700538379251462e+00
-2.324403926666666731e+00 3.086073486898020857e+00 1.154700538379251462e+00
-2.198749966666666555e+00 3.165493377610016257e+00 1.154700538379251462e+00
-2.073096006666666824e+00 3.117538506230712159e+00 1.154700538379251462e+00
-1.947442046666666871e+00 2.848928897898622470e+00 1.154700538379251462e+00
-1.821788086666666473e+00 2.295398803371677232e+00 1.154700538379251684e+00
-1.696134126666666520e+00 1.459930348963918378e+00 1.154700538379251462e+00
-1.570480166666666788e+00 5.507963892225768987e-01 1.154700538379251684e+00
-1.444826206666666613e+00 0.000000000000000000e+00 1.154700538379251684e+00
-1.319172246666666437e+00 3.378641832899396680e-01 1.154700538379251684e+00
-1.193518286666666484e+00 1.809193821413755954e+00 1.154700538379251684e+00
-1.067864326666666530e+00 4.348360365583574527e+00 1.154700538379251462e+00
-9.422103666666665767e-01 7.888857108195054479e+00 1.154700538379251462e+00
-8.165564066666665122e-01 1.216830942076683009e+01 1.154700538379251684e+00
-6.909024466666665587e-01 1.724994061319738492e+01 1.154700538379251684e+00
-5.652484866666666052e-01 2.243064874337787629e+01 1.154700538379251684e+00
-4.395945266666665407e-01 2.870840293510644869e+01 1.154700538379251684e+00
-3.139405666666665873e-01 3.493205491633369064e+01 1.154700538379251462e+00
-1.882866066666665505e-01 3.830553191440825600e+01 1.154700538379251462e+00
-6.263264666666638891e-02 inf 1.154700538379251462e+00
6.302131333333364782e-02 inf 1.154700538379251462e+00
1.886752733333335874e-01 3.708821676517413124e+01 1.154700538379251462e+00
3.143292333333336241e-01 3.300076126380209729e+01 1.154700538379251684e+00
4.399831933333335776e-01 2.730996860610301269e+01 1.154700538379251684e+00
5.656371533333336421e-01 2.155705462919175375e+01 1.154700538379251462e+00
6.912911133333335956e-01 1.651352866183348667e+01 1.154700538379251462e+00
8.169450733333336601e-01 1.250587636657605550e+01 1.154700538379251684e+00
9.425990333333337245e-01 9.921193104071612368e+00 1.154700538379251684e+00
1.068252993333333789e+00 9.369582494467636025e+00 1.154700538379251462e+00
1.193906953333333520e+00 1.102364635195894493e+01 1.154700538379251684e+00
1.319560913333333474e+00 1.489487188733574108e+01 1.154700538379251684e+00
1.445214873333333427e+00 2.091105247051214988e+01 1.154700538379251462e+00
1.570868833333333825e+00 2.921982755855924196e+01 1.154700538379251462e+00
1.696522793333333778e+00 inf 1.154700538379251462e+00
1.822176753333333510e+00 inf nan
1.947830713333333463e+00 inf nan
2.073484673333333639e+00 inf nan
2.199138633333333370e+00 inf nan
2.324792593333333546e+00 inf nan
2.450446553333333721e+00 inf nan
2.576100513333333453e+00 inf nan
2.701754473333333184e+00 inf nan
2.827408433333333804e+00 inf 1.154700538379251684e+00
2.953062393333333535e+00 2.795523593881435431e+01 1.154700538379251684e+00
3.078716353333333711e+00 2.068494866913901831e+01 1.154700538379251684e+00
