-3.078636055999999677e+00 1.269486531818499486e+01 6.324555320336757713e-01
-2.952979167999999710e+00 8.101554365771445276e+00 6.324555320336757713e-01
-2.827322280000000188e+00 4.927506508351447323e+00 6.324555320336757713e-01
-2.701665391999999777e+00 3.008425114032446501e+00 6.324555320336758824e-01
-2.576008503999999810e+00 2.187584569357454711e+00 6.324555320336758824e-01
-2.450351616000000288e+00 2.191827502174477971e+00 6.324555320336758824e-01
-2.324694727999999877e+00 2.686492557148952187e+00 6.324555320336758824e-01
-2.199037839999999910e+00 3.361891989885567256e+00 6.324555320336758824e-01
-2.073380951999999944e+00 3.902165388071999530e+00 6.324555320336758824e-01
-1.947724064000000199e+00 4.009426300628369688e+00 6.324555320336757713e-01
-1.822067175999999789e+00 3.516693921605018147e+00 6.324555320336758824e-01
-1.696410287999999822e+00 2.397859804072540513e+00 6.324555320336757713e-01
-1.570753399999999855e+00 9.854116655382423318e-01 6.324555320336757713e-01
-1.445096511999999889e+00 0.000000000000000000e+00 6.324555320336758824e-01
-1.319439623999999700e+00 5.720492568399748734e-02 6.324555320336758824e-01
-1.193782735999999955e+00 1.399633663915354376e+00 6.324555320336758824e-01
-1.068125847999999989e+00 4.004450366719096266e+00 6.324555320336757713e-01
-9.424689600000000222e-01 7.661812932971450607e+00 6.324555320336758824e-01
-8.168120720000000556e-01 1.209770649712488577e+01 6.324555320336758824e-01
-6.911551839999999780e-01 1.704493067049628863e+01 6.324555320336757713e-01
-5.654982960000000114e-01 2.210429798810125845e+01 6.324555320336758824e-01
-4.398414079999999338e-01 2.679172965776126958e+01 6.324555320336757713e-01
-3.141845200000000782e-01 3.119685909931403600e+01 6.324555320336757713e-01
-1.885276320000000005e-01 3.641897773653398929e+01 6.324555320336758824e-01
-6.287074399999995067e-02 3.579885648399326215e+01 6.324555320336757713e-01
6.278614400000004370e-02 3.591108545803446361e+01 6.324555320336758824e-01
1.884430320000000381e-01 3.368255428014518316e+01 6.324555320336758824e-01
3.140999200000000324e-01 2.975443328900295015e+01 6.324555320336758824e-01
4.397568079999999990e-01 2.516972379268621651e+01 6.324555320336758824e-01
5.654136960000000212e-01 2.000599649215688558e+01 6.324555320336757713e-01
6.910705839999999878e-01 1.534455136131530750e+01 6.324555320336757713e-01
8.167274720000001764e-01 1.161232455739781955e+01 6.324555320336758824e-01
9.423843599999999210e-01 9.184163635740087983e+00 6.324555320336758824e-01
1.068041247999999666e+00 8.625443178403671141e+00 6.324555320336757713e-01
1.193698136000000076e+00 1.020169542544452312e+01 6.324555320336758824e-01
1.319355024000000043e+00 1.403426957231510031e+01 6.324555320336758824e-01
1.445011912000000009e+00 1.993089533844744921e+01 6.324555320336757713e-01
1.570668800000000198e+00 2.781352898236434967e+01 6.324555320336758824e-01
1.696325688000000387e+00 inf 6.324555320336757713e-01
1.821982576000000353e+00 inf nan
1.947639464000000320e+00 inf 6.324555320336758824e-01
2.073296352000000287e+00 inf nan
2.198953239999999809e+00 inf nan
2.324610127999999776e+00 inf nan
2.450267016000000631e+00 inf nan
2.575923904000000153e+00 inf 6.324555320336758824e-01
2.701580792000000120e+00 inf 6.324555320336757713e-01
2.827237680000000530e+00 3.331606077185129777e+01 6.324555320336757713e-01
2.952894568000000053e+00 2.539178203166482817e+01 6.324555320336757713e-01
3.078551456000000464e+00 1.866885281163866139e+01 6.324555320336757713e-01
